 X,Y,Z
 +0.41961670E-02, +0.14835691E-04, +0.98632812E+00
 +0.41961670E+00, +0.14835691E-02, +0.98632812E+00
 +0.83923340E+00, +0.29671381E-02, +0.98632812E+00
 +0.12588501E+01, +0.44507072E-02, +0.98632812E+00
 +0.16784668E+01, +0.59342763E-02, +0.98632812E+00
 +0.20980835E+01, +0.74178453E-02, +0.98632812E+00
 +0.25177002E+01, +0.89014144E-02, +0.98632812E+00
 +0.29373169E+01, +0.10384983E-01, +0.98632812E+00
 +0.33569336E+01, +0.11868553E-01, +0.98632812E+00
 +0.37765503E+01, +0.13352122E-01, +0.98632812E+00
 +0.41961670E+01, +0.14835691E-01, +0.98632812E+00
 +0.46157837E+01, +0.16319260E-01, +0.98632812E+00
 +0.50354004E+01, +0.17802829E-01, +0.98632812E+00
 +0.54550171E+01, +0.19286398E-01, +0.98632812E+00
 +0.58746338E+01, +0.20769967E-01, +0.98632812E+00
 +0.62942505E+01, +0.22253536E-01, +0.98632812E+00
 +0.67138672E+01, +0.23737105E-01, +0.98632812E+00
 +0.71334839E+01, +0.25220674E-01, +0.98632812E+00
 +0.75531006E+01, +0.26704243E-01, +0.98632812E+00
 +0.79727173E+01, +0.28187812E-01, +0.98632812E+00
 +0.83923340E+01, +0.29671381E-01, +0.98632812E+00
 +0.88119507E+01, +0.31154950E-01, +0.98632812E+00
 +0.92315674E+01, +0.32638519E-01, +0.98632812E+00
 +0.96511841E+01, +0.34122089E-01, +0.98632812E+00
 +0.10070801E+02, +0.35605658E-01, +0.98632812E+00
 +0.10490417E+02, +0.37089227E-01, +0.98632812E+00
 +0.10910034E+02, +0.38572796E-01, +0.98632812E+00
 +0.11329651E+02, +0.40056365E-01, +0.98632812E+00
 +0.11749268E+02, +0.41539934E-01, +0.98632812E+00
 +0.12168884E+02, +0.43023503E-01, +0.98632812E+00
 +0.12588501E+02, +0.44507072E-01, +0.98632812E+00
 +0.13008118E+02, +0.45990641E-01, +0.98632812E+00
 +0.13427734E+02, +0.47474210E-01, +0.98632812E+00
 +0.13847351E+02, +0.48957779E-01, +0.98632812E+00
 +0.14266968E+02, +0.50441348E-01, +0.98632812E+00
 +0.14686584E+02, +0.51924917E-01, +0.98632812E+00
 +0.15106201E+02, +0.53408486E-01, +0.98632812E+00
 +0.15525818E+02, +0.54892056E-01, +0.98632812E+00
 +0.15945435E+02, +0.56375625E-01, +0.98632812E+00
 +0.16365051E+02, +0.57859194E-01, +0.98632812E+00
 +0.16784668E+02, +0.59342763E-01, +0.98632812E+00
 +0.17204285E+02, +0.60826332E-01, +0.98632812E+00
 +0.17623901E+02, +0.62309901E-01, +0.98632812E+00
 +0.18043518E+02, +0.63793470E-01, +0.98632812E+00
 +0.18463135E+02, +0.65277039E-01, +0.98632812E+00
 +0.18882751E+02, +0.66760608E-01, +0.98632812E+00
 +0.19302368E+02, +0.68244177E-01, +0.98632812E+00
 +0.19721985E+02, +0.69727746E-01, +0.98632812E+00
 +0.20141602E+02, +0.71211315E-01, +0.98632812E+00
 +0.20561218E+02, +0.72694884E-01, +0.98632812E+00
 +0.20980835E+02, +0.74178453E-01, +0.98632812E+00
 +0.21400452E+02, +0.75662022E-01, +0.98632812E+00
 +0.21820068E+02, +0.77145592E-01, +0.98632812E+00
 +0.22239685E+02, +0.78629161E-01, +0.98632812E+00
 +0.22659302E+02, +0.80112730E-01, +0.98632812E+00
 +0.23078918E+02, +0.81596299E-01, +0.98632812E+00
 +0.23498535E+02, +0.83079868E-01, +0.98632812E+00
 +0.23918152E+02, +0.84563437E-01, +0.98632812E+00
 +0.41961670E-02, +0.14835691E-04, +0.98632812E+00
 +0.41961670E+01, +0.14835691E-01, +0.98632812E+00
 +0.83923340E+01, +0.29671381E-01, +0.98632812E+00
 +0.12588501E+02, +0.44507072E-01, +0.98632812E+00
 +0.16784668E+02, +0.59342763E-01, +0.98632812E+00
 +0.20980835E+02, +0.74178453E-01, +0.98632812E+00
 +0.25177002E+02, +0.89014144E-01, +0.98632812E+00
 +0.29373169E+02, +0.10384983E+00, +0.98632812E+00
 +0.33569336E+02, +0.11868553E+00, +0.98632812E+00
 +0.37765503E+02, +0.13352122E+00, +0.98632812E+00
 +0.41961670E+02, +0.14835691E+00, +0.98632812E+00
 +0.46157837E+02, +0.16319260E+00, +0.98632812E+00
 +0.50354004E+02, +0.17802829E+00, +0.98632812E+00
 +0.54550171E+02, +0.19286398E+00, +0.98632812E+00
 +0.58746338E+02, +0.20769967E+00, +0.98632812E+00
 +0.62942505E+02, +0.22253536E+00, +0.98632812E+00
 +0.67138672E+02, +0.23737105E+00, +0.98632812E+00
 +0.71334839E+02, +0.25220674E+00, +0.98632812E+00
 +0.75531006E+02, +0.26704243E+00, +0.98632812E+00
 +0.79727173E+02, +0.28187812E+00, +0.98632812E+00
 +0.83923340E+02, +0.29671381E+00, +0.98632812E+00
 +0.88119507E+02, +0.31154950E+00, +0.98632812E+00
 +0.92315674E+02, +0.32638519E+00, +0.98632812E+00
 +0.96511841E+02, +0.34122089E+00, +0.98632812E+00
 +0.10070801E+03, +0.35605658E+00, +0.98632812E+00
 +0.10490417E+03, +0.37089227E+00, +0.98632812E+00
 +0.10910034E+03, +0.38572796E+00, +0.98632812E+00
 +0.11329651E+03, +0.40056365E+00, +0.98632812E+00
 +0.11749268E+03, +0.41539934E+00, +0.98632812E+00
 +0.12168884E+03, +0.43023503E+00, +0.98632812E+00
 +0.12588501E+03, +0.44507072E+00, +0.98632812E+00
 +0.13008118E+03, +0.45990641E+00, +0.98632812E+00
 +0.13427734E+03, +0.47474210E+00, +0.98632812E+00
 +0.13847351E+03, +0.48957779E+00, +0.98632812E+00
 +0.14266968E+03, +0.50441348E+00, +0.98632812E+00
 +0.14686584E+03, +0.51924917E+00, +0.98632812E+00
 +0.15106201E+03, +0.53408486E+00, +0.98632812E+00
 +0.15525818E+03, +0.54892056E+00, +0.98632812E+00
 +0.15945435E+03, +0.56375625E+00, +0.98632812E+00
 +0.16365051E+03, +0.57859194E+00, +0.98632812E+00
 +0.16784668E+03, +0.59342763E+00, +0.98632812E+00
 +0.17204285E+03, +0.60826332E+00, +0.98632812E+00
 +0.17623901E+03, +0.62309901E+00, +0.98632812E+00
 +0.18043518E+03, +0.63793470E+00, +0.98632812E+00
 +0.18463135E+03, +0.65277039E+00, +0.98632812E+00
 +0.18882751E+03, +0.66760608E+00, +0.98632812E+00
 +0.19302368E+03, +0.68244177E+00, +0.98632812E+00
 +0.19721985E+03, +0.69727746E+00, +0.98632812E+00
 +0.20141602E+03, +0.71211315E+00, +0.98632812E+00
 +0.20561218E+03, +0.72694884E+00, +0.98632812E+00
 +0.20980835E+03, +0.74178453E+00, +0.98632812E+00
 +0.21400452E+03, +0.75662022E+00, +0.98632812E+00
 +0.21820068E+03, +0.77145592E+00, +0.98632812E+00
 +0.22239685E+03, +0.78629161E+00, +0.98632812E+00
 +0.22659302E+03, +0.80112730E+00, +0.98632812E+00
 +0.23078918E+03, +0.81596299E+00, +0.98632812E+00
 +0.23498535E+03, +0.83079868E+00, +0.98632812E+00
 +0.23918152E+03, +0.84563437E+00, +0.98632812E+00
 +0.24337769E+03, +0.86047006E+00, +0.98632812E+00
 +0.24757385E+03, +0.87530575E+00, +0.98632812E+00
 +0.25177002E+03, +0.89014144E+00, +0.98632812E+00
 +0.25596619E+03, +0.90497713E+00, +0.98632812E+00
 +0.26016235E+03, +0.91981282E+00, +0.98632812E+00
 +0.26435852E+03, +0.93464851E+00, +0.98632812E+00
 +0.26855469E+03, +0.94948420E+00, +0.98632812E+00
 +0.27275085E+03, +0.96431989E+00, +0.98632812E+00
 +0.27694702E+03, +0.97915558E+00, +0.98632812E+00
 +0.28114319E+03, +0.99399128E+00, +0.98632812E+00
 +0.28533936E+03, +0.10088270E+01, +0.98632812E+00
 +0.28953552E+03, +0.10236627E+01, +0.98632812E+00
 +0.29373169E+03, +0.10384983E+01, +0.98632812E+00
 +0.29792786E+03, +0.10533340E+01, +0.98632812E+00
 +0.30212402E+03, +0.10681697E+01, +0.98632812E+00
 +0.30632019E+03, +0.10830054E+01, +0.98632812E+00
 +0.31051636E+03, +0.10978411E+01, +0.98632812E+00
 +0.31471252E+03, +0.11126768E+01, +0.98632812E+00
 +0.31890869E+03, +0.11275125E+01, +0.98632812E+00
 +0.32310486E+03, +0.11423482E+01, +0.98632812E+00
 +0.32730103E+03, +0.11571839E+01, +0.98632812E+00
 +0.33149719E+03, +0.11720196E+01, +0.98632812E+00
 +0.33569336E+03, +0.11868553E+01, +0.98632812E+00
 +0.33988953E+03, +0.12016909E+01, +0.98632812E+00
 +0.34408569E+03, +0.12165266E+01, +0.98632812E+00
 +0.34828186E+03, +0.12313623E+01, +0.98632812E+00
 +0.35247803E+03, +0.12461980E+01, +0.98632812E+00
 +0.35667419E+03, +0.12610337E+01, +0.98632812E+00
 +0.36087036E+03, +0.12758694E+01, +0.98632812E+00
 +0.36506653E+03, +0.12907051E+01, +0.98632812E+00
 +0.36926270E+03, +0.13055408E+01, +0.98632812E+00
 +0.37345886E+03, +0.13203765E+01, +0.98632812E+00
 +0.37765503E+03, +0.13352122E+01, +0.98632812E+00
 +0.38185120E+03, +0.13500479E+01, +0.98632812E+00
 +0.38604736E+03, +0.13648835E+01, +0.98632812E+00
 +0.39024353E+03, +0.13797192E+01, +0.98632812E+00
 +0.39443970E+03, +0.13945549E+01, +0.98632812E+00
 +0.39863586E+03, +0.14093906E+01, +0.98632812E+00
 +0.40283203E+03, +0.14242263E+01, +0.98632812E+00
 +0.40702820E+03, +0.14390620E+01, +0.98632812E+00
 +0.41122437E+03, +0.14538977E+01, +0.98632812E+00
 +0.41542053E+03, +0.14687334E+01, +0.98632812E+00
 +0.41961670E+03, +0.14835691E+01, +0.98632812E+00
 +0.42381287E+03, +0.14984048E+01, +0.98632812E+00
 +0.42800903E+03, +0.15132404E+01, +0.98632812E+00
 +0.43220520E+03, +0.15280761E+01, +0.98632812E+00
 +0.43640137E+03, +0.15429118E+01, +0.98632812E+00
 +0.44059753E+03, +0.15577475E+01, +0.98632812E+00
 +0.44479370E+03, +0.15725832E+01, +0.98632812E+00
 +0.44898987E+03, +0.15874189E+01, +0.98632812E+00
 +0.45318604E+03, +0.16022546E+01, +0.98632812E+00
 +0.45738220E+03, +0.16170903E+01, +0.98632812E+00
 +0.46157837E+03, +0.16319260E+01, +0.98632812E+00
 +0.46577454E+03, +0.16467617E+01, +0.98632812E+00
 +0.46997070E+03, +0.16615974E+01, +0.98632812E+00
 +0.47416687E+03, +0.16764330E+01, +0.98632812E+00
 +0.47836304E+03, +0.16912687E+01, +0.98632812E+00
 +0.48255920E+03, +0.17061044E+01, +0.98632812E+00
 +0.48675537E+03, +0.17209401E+01, +0.98632812E+00
 +0.49095154E+03, +0.17357758E+01, +0.98632812E+00
 +0.49514771E+03, +0.17506115E+01, +0.98632812E+00
 +0.49934387E+03, +0.17654472E+01, +0.98632812E+00
 +0.50354004E+03, +0.17802829E+01, +0.98632812E+00
 +0.50773621E+03, +0.17951186E+01, +0.98632812E+00
 +0.51193237E+03, +0.18099543E+01, +0.98632812E+00
 +0.51612854E+03, +0.18247900E+01, +0.98632812E+00
 +0.52032471E+03, +0.18396256E+01, +0.98632812E+00
 +0.52452087E+03, +0.18544613E+01, +0.98632812E+00
 +0.52871704E+03, +0.18692970E+01, +0.98632812E+00
 +0.53291321E+03, +0.18841327E+01, +0.98632812E+00
 +0.53710937E+03, +0.18989684E+01, +0.98632812E+00
 +0.54130554E+03, +0.19138041E+01, +0.98632812E+00
 +0.54550171E+03, +0.19286398E+01, +0.98632812E+00
 +0.54969788E+03, +0.19434755E+01, +0.98632812E+00
 +0.55389404E+03, +0.19583112E+01, +0.98632812E+00
 +0.55809021E+03, +0.19731469E+01, +0.98632812E+00
 +0.56228638E+03, +0.19879826E+01, +0.98632812E+00
 +0.56648254E+03, +0.20028182E+01, +0.98632812E+00
 +0.57067871E+03, +0.20176539E+01, +0.98632812E+00
 +0.57487488E+03, +0.20324896E+01, +0.98632812E+00
 +0.57907104E+03, +0.20473253E+01, +0.98632812E+00
 +0.58326721E+03, +0.20621610E+01, +0.98632812E+00
 +0.58746338E+03, +0.20769967E+01, +0.98632812E+00
 +0.59165955E+03, +0.20918324E+01, +0.98632812E+00
 +0.59585571E+03, +0.21066681E+01, +0.98632812E+00
 +0.60005188E+03, +0.21215038E+01, +0.98632812E+00
 +0.60424805E+03, +0.21363395E+01, +0.98632812E+00
 +0.60844421E+03, +0.21511751E+01, +0.98632812E+00
 +0.61264038E+03, +0.21660108E+01, +0.98632812E+00
 +0.61683655E+03, +0.21808465E+01, +0.98632812E+00
 +0.62103271E+03, +0.21956822E+01, +0.98632812E+00
 +0.62522888E+03, +0.22105179E+01, +0.98632812E+00
 +0.62942505E+03, +0.22253536E+01, +0.98632812E+00
 +0.63362122E+03, +0.22401893E+01, +0.98632812E+00
 +0.63781738E+03, +0.22550250E+01, +0.98632812E+00
 +0.64201355E+03, +0.22698607E+01, +0.98632812E+00
 +0.64620972E+03, +0.22846964E+01, +0.98632812E+00
 +0.65040588E+03, +0.22995321E+01, +0.98632812E+00
 +0.65460205E+03, +0.23143677E+01, +0.98632812E+00
 +0.65879822E+03, +0.23292034E+01, +0.98632812E+00
 +0.66299438E+03, +0.23440391E+01, +0.98632812E+00
 +0.66719055E+03, +0.23588748E+01, +0.98632812E+00
 +0.67138672E+03, +0.23737105E+01, +0.98632812E+00
 +0.67558289E+03, +0.23885462E+01, +0.98632812E+00
 +0.67977905E+03, +0.24033819E+01, +0.98632812E+00
 +0.68397522E+03, +0.24182176E+01, +0.98632812E+00
 +0.68817139E+03, +0.24330533E+01, +0.98632812E+00
 +0.69236755E+03, +0.24478890E+01, +0.98632812E+00
 +0.69656372E+03, +0.24627247E+01, +0.98632812E+00
 +0.70075989E+03, +0.24775603E+01, +0.98632812E+00
 +0.70495605E+03, +0.24923960E+01, +0.98632812E+00
 +0.70915222E+03, +0.25072317E+01, +0.98632812E+00
 +0.71334839E+03, +0.25220674E+01, +0.98632812E+00
 +0.71754456E+03, +0.25369031E+01, +0.98632812E+00
 +0.72174072E+03, +0.25517388E+01, +0.98632812E+00
 +0.72593689E+03, +0.25665745E+01, +0.98632812E+00
 +0.73013306E+03, +0.25814102E+01, +0.98632812E+00
 +0.73432922E+03, +0.25962459E+01, +0.98632812E+00
 +0.73852539E+03, +0.26110816E+01, +0.98632812E+00
 +0.74272156E+03, +0.26259172E+01, +0.98632812E+00
 +0.74691772E+03, +0.26407529E+01, +0.98632812E+00
 +0.75111389E+03, +0.26555886E+01, +0.98632812E+00
 +0.75531006E+03, +0.26704243E+01, +0.98632812E+00
 +0.75950623E+03, +0.26852600E+01, +0.98632812E+00
 +0.76370239E+03, +0.27000957E+01, +0.98632812E+00
 +0.76789856E+03, +0.27149314E+01, +0.98632812E+00
 +0.77209473E+03, +0.27297671E+01, +0.98632812E+00
 +0.77629089E+03, +0.27446028E+01, +0.98632812E+00
 +0.78048706E+03, +0.27594385E+01, +0.98632812E+00
 +0.78468323E+03, +0.27742742E+01, +0.98632812E+00
 +0.78887939E+03, +0.27891098E+01, +0.98632812E+00
 +0.79307556E+03, +0.28039455E+01, +0.98632812E+00
 +0.79727173E+03, +0.28187812E+01, +0.98632812E+00
 +0.80146790E+03, +0.28336169E+01, +0.98632812E+00
 +0.80566406E+03, +0.28484526E+01, +0.98632812E+00
 +0.80986023E+03, +0.28632883E+01, +0.98632812E+00
 +0.81405640E+03, +0.28781240E+01, +0.98632812E+00
 +0.81825256E+03, +0.28929597E+01, +0.98632812E+00
 +0.82244873E+03, +0.29077954E+01, +0.98632812E+00
 +0.82664490E+03, +0.29226311E+01, +0.98632812E+00
 +0.83084106E+03, +0.29374668E+01, +0.98632812E+00
 +0.83503723E+03, +0.29523024E+01, +0.98632812E+00
 +0.83923340E+03, +0.29671381E+01, +0.98632812E+00
 +0.84342957E+03, +0.29819738E+01, +0.98632812E+00
 +0.84762573E+03, +0.29968095E+01, +0.98632812E+00
 +0.85182190E+03, +0.30116452E+01, +0.98632812E+00
 +0.85601807E+03, +0.30264809E+01, +0.98632812E+00
 +0.86021423E+03, +0.30413166E+01, +0.98632812E+00
 +0.86441040E+03, +0.30561523E+01, +0.98632812E+00
 +0.86860657E+03, +0.30709880E+01, +0.98632812E+00
 +0.87280273E+03, +0.30858237E+01, +0.98632812E+00
 +0.87699890E+03, +0.31006594E+01, +0.98632812E+00
 +0.88119507E+03, +0.31154950E+01, +0.98632812E+00
 +0.88539124E+03, +0.31303307E+01, +0.98632812E+00
 +0.88958740E+03, +0.31451664E+01, +0.98632812E+00
 +0.89378357E+03, +0.31600021E+01, +0.98632812E+00
 +0.89797974E+03, +0.31748378E+01, +0.98632812E+00
 +0.90217590E+03, +0.31896735E+01, +0.98632812E+00
 +0.90637207E+03, +0.32045092E+01, +0.98632812E+00
 +0.91056824E+03, +0.32193449E+01, +0.98632812E+00
 +0.91476440E+03, +0.32341806E+01, +0.98632812E+00
 +0.91896057E+03, +0.32490163E+01, +0.98632812E+00
 +0.92315674E+03, +0.32638519E+01, +0.98632812E+00
 +0.92735291E+03, +0.32786876E+01, +0.98632812E+00
 +0.93154907E+03, +0.32935233E+01, +0.98632812E+00
 +0.93574524E+03, +0.33083590E+01, +0.98632812E+00
 +0.93994141E+03, +0.33231947E+01, +0.98632812E+00
 +0.94413757E+03, +0.33380304E+01, +0.98632812E+00
 +0.94833374E+03, +0.33528661E+01, +0.98632812E+00
 +0.95252991E+03, +0.33677018E+01, +0.98632812E+00
 +0.95672607E+03, +0.33825375E+01, +0.98632812E+00
 +0.96092224E+03, +0.33973732E+01, +0.98632812E+00
 +0.96511841E+03, +0.34122089E+01, +0.98632812E+00
 +0.96931458E+03, +0.34270445E+01, +0.98632812E+00
 +0.97351074E+03, +0.34418802E+01, +0.98632812E+00
 +0.97770691E+03, +0.34567159E+01, +0.98632812E+00
 +0.98190308E+03, +0.34715516E+01, +0.98632812E+00
 +0.98609924E+03, +0.34863873E+01, +0.98632812E+00
 +0.99029541E+03, +0.35012230E+01, +0.98632812E+00
 +0.99449158E+03, +0.35160587E+01, +0.98632812E+00
 +0.99868774E+03, +0.35308944E+01, +0.98632812E+00
 +0.10028839E+04, +0.35457301E+01, +0.98632812E+00
 +0.10070801E+04, +0.35605658E+01, +0.98632812E+00
 +0.10112762E+04, +0.35754015E+01, +0.98632812E+00
 +0.10154724E+04, +0.35902371E+01, +0.98632812E+00
 +0.10196686E+04, +0.36050728E+01, +0.98632812E+00
 +0.10238647E+04, +0.36199085E+01, +0.98632812E+00
 +0.10280609E+04, +0.36347442E+01, +0.98632812E+00
 +0.10322571E+04, +0.36495799E+01, +0.98632812E+00
 +0.10364532E+04, +0.36644156E+01, +0.98632812E+00
 +0.10406494E+04, +0.36792513E+01, +0.98632812E+00
